0.871303 0.729668 0.299273 0.156319 0.188900 0.100736 0.066778 0.098330 0.177030 
0.768157 0.930396 0.615227 0.347092 0.238179 0.185243 0.080348 0.152262 0.057857 
0.447004 0.777163 0.832510 0.638641 0.322184 0.145903 0.014404 0.064368 0.083722 
0.218576 0.561982 0.913365 0.948896 0.586969 0.205277 0.236556 0.139086 0.036714 
0.191753 0.231394 0.539730 0.923817 0.839556 0.568595 0.244014 0.160794 0.113318 
0.054002 0.117906 0.270329 0.525483 0.902721 0.784718 0.595462 0.260019 0.043391 
0.159741 0.053050 0.090996 0.390557 0.732801 0.977882 0.923729 0.517041 0.151268 
0.098793 0.156058 0.057106 0.159161 0.395319 0.682746 1.000000 0.747352 0.461294 
0.013147 0.027537 0.091668 0.164277 0.235789 0.334794 0.682699 0.896477 0.679224 
0.093432 0.104318 0.085207 0.113257 0.025396 0.088019 0.411439 0.797522 0.913269 
